00000000000100001000011110110011
00000000000100011000001110110011
00000000000100111000011110110011
00000000000101111000011110110011
00000000000111111000011110110011
00000000101000000000000010010011
11111111101100000000000100010011
00000000001000001000000110010011
00000000000000000010000100000011
00000000100000000010000010000011
00000000000100000010110010100011
01000000010100100000100000110011
00000001010110100100101100110011
00000000010110100100101110010011
00000001010110100110101100110011
00000000010110100110101110010011
00000001010110100111101100110011
00000000010110100111101110010011
00000001010110100001101100110011
00000000010110100001101110010011
00000001010110100101101100110011
00000000010110100101101110010011
01000001010110000101101100110011
01000000010110000101101110010011
00000001010110000010101100110011
00000000010110100010101110010011
00000001010110100011101100110011
00000000010110100011101110010011
00000010010000000000110000000011
00000011100000100000000010100011
00000010010000000001110000000011
00000010010000000101110000000011
00000011100000000001001000100011
00000010010000000100110000000011
00000001101011011000001001100011
00000001100111011000010001100011
00000001101011001001010001100011
00000001100111001001010001100011
00000001101011001100010001100011
00000001100111011100010001100011
00000001100111011101010001100011
00000000000000000000000000000000
00000001100111001101010001100011
00000000000000000000000000000000
00000001101011001101010001100011
00000001110111100101010001100011
00000000000000000000000000000000
00000001110111101101010001100011
00000000000000000000000000000000
00000001110111100101010001100011
00000000000000000000000000000000
00000001101011001110010001100011
00000000000000000000000000000000
00000001100111011110010001100011
00000001100111011111010001100011
00000000000000000000000000000000
00000001100111001111010001100011
00000000000000000000000000000000
00000001101011001111010001100011